C:\Users\Shi\Documents\AnacondaProjects\depth-yolov4-tiny-tf2-strawberry/VOCdevkit/VOC2007/JPEGImages/rgb-00003-16160356284338.jpeg 128,108,172,158,0
C:\Users\Shi\Documents\AnacondaProjects\depth-yolov4-tiny-tf2-strawberry/VOCdevkit/VOC2007/JPEGImages/rgb-00007-16160356916470.jpeg 152,349,176,387,0 151,381,171,400,1 417,276,457,326,0 110,341,126,362,0 96,332,111,350,0 97,310,113,327,0 77,350,92,368,0 37,330,44,342,0 41,311,50,325,0 60,314,73,331,1 33,306,40,316,1
C:\Users\Shi\Documents\AnacondaProjects\depth-yolov4-tiny-tf2-strawberry/VOCdevkit/VOC2007/JPEGImages/rgb-00008-16160357257280.jpeg 188,84,220,127,0 193,176,225,220,0 159,161,188,198,1 133,178,165,220,0 43,184,60,212,1 71,6,95,25,1
C:\Users\Shi\Documents\AnacondaProjects\depth-yolov4-tiny-tf2-strawberry/VOCdevkit/VOC2007/JPEGImages/rgb-00009-16160357523585.jpeg 211,47,239,91,1 197,57,214,85,1
C:\Users\Shi\Documents\AnacondaProjects\depth-yolov4-tiny-tf2-strawberry/VOCdevkit/VOC2007/JPEGImages/rgb-00010-16160358059750.jpeg 251,113,276,152,1 179,9,206,42,1 229,140,253,183,0 145,186,168,214,0 142,121,157,145,0 162,112,178,128,1 92,141,107,158,0 82,43,99,62,1
C:\Users\Shi\Documents\AnacondaProjects\depth-yolov4-tiny-tf2-strawberry/VOCdevkit/VOC2007/JPEGImages/rgb-00016-16160359379178.jpeg 612,47,640,101,1 249,83,277,131,1 235,98,260,130,1 241,170,264,200,0 227,144,252,175,0 203,138,230,174,0 188,141,201,160,1 158,114,187,160,0 136,103,149,120,1 58,136,90,176,0 34,144,63,180,1 2,88,22,120,1 15,74,45,110,1
C:\Users\Shi\Documents\AnacondaProjects\depth-yolov4-tiny-tf2-strawberry/VOCdevkit/VOC2007/JPEGImages/rgb-00017-16160359466573.jpeg 251,113,268,143,1 317,153,362,199,1 315,188,349,238,1 345,280,390,341,1 388,276,431,335,0 614,270,640,308,1 221,153,258,206,0
C:\Users\Shi\Documents\AnacondaProjects\depth-yolov4-tiny-tf2-strawberry/VOCdevkit/VOC2007/JPEGImages/rgb-00021-16160359589306.jpeg 536,120,561,164,1 379,193,412,242,0 374,221,401,259,0 360,193,382,218,1 296,112,329,149,1 300,73,321,104,1 180,235,200,260,1 165,242,191,275,1 73,218,98,251,0 67,142,88,174,0 12,168,38,204,0 36,174,52,199,1
C:\Users\Shi\Documents\AnacondaProjects\depth-yolov4-tiny-tf2-strawberry/VOCdevkit/VOC2007/JPEGImages/rgb-00022-16160359727755.jpeg 401,273,434,323,0 424,211,445,233,1 456,232,478,250,1 312,144,339,182,0 297,130,317,159,1 313,121,329,146,1 227,174,260,219,0 131,183,155,213,0 97,152,115,179,1 106,164,122,187,1 225,156,245,182,1 250,189,269,211,1
C:\Users\Shi\Documents\AnacondaProjects\depth-yolov4-tiny-tf2-strawberry/VOCdevkit/VOC2007/JPEGImages/rgb-00030-16160359907142.jpeg 152,71,167,89,1 43,139,59,160,1 32,156,57,183,1 1,137,16,156,1 144,246,174,280,1 196,269,220,301,1 438,182,466,214,1 450,242,480,276,1 387,228,413,268,1 354,195,383,233,0 336,140,366,198,0 217,177,235,216,0
C:\Users\Shi\Documents\AnacondaProjects\depth-yolov4-tiny-tf2-strawberry/VOCdevkit/VOC2007/JPEGImages/rgb-00032-16160360058259.jpeg 81,69,103,98,1 317,76,343,108,1 300,140,320,165,1 287,169,305,187,1 253,155,268,175,1 424,175,433,189,1 437,191,453,209,1 345,236,362,254,1 310,214,335,247,0 327,110,341,126,1 406,73,421,88,1 410,47,424,61,1
C:\Users\Shi\Documents\AnacondaProjects\depth-yolov4-tiny-tf2-strawberry/VOCdevkit/VOC2007/JPEGImages/rgb-00033-16160360148281.jpeg 388,142,407,159,1 508,141,525,160,1 420,171,449,210,1 340,179,360,205,1 267,177,293,204,1 286,152,303,174,1 239,140,266,182,1 263,46,278,63,1
C:\Users\Shi\Documents\AnacondaProjects\depth-yolov4-tiny-tf2-strawberry/VOCdevkit/VOC2007/JPEGImages/rgb-00035-16160360295502.jpeg 1,81,25,116,1 57,135,78,168,1 76,124,110,169,0 240,122,282,177,0 284,157,313,193,1 369,196,395,225,0 407,208,427,231,1 378,171,401,193,1 464,85,493,126,1
C:\Users\Shi\Documents\AnacondaProjects\depth-yolov4-tiny-tf2-strawberry/VOCdevkit/VOC2007/JPEGImages/rgb-00039-16160360384888.jpeg 46,85,70,114,1 124,95,144,117,1 58,125,91,164,0 92,138,119,178,0 205,129,227,153,0 208,152,233,180,0 253,231,274,263,0 319,191,343,222,0 467,217,489,241,1 492,216,525,256,1 553,101,582,131,1
C:\Users\Shi\Documents\AnacondaProjects\depth-yolov4-tiny-tf2-strawberry/VOCdevkit/VOC2007/JPEGImages/rgb-00041-16160360412076.jpeg 20,79,45,111,1 103,93,121,116,1 33,123,67,164,0 72,139,96,175,0 183,127,207,149,0 189,147,215,180,0 235,228,258,261,0 302,185,326,218,0 451,211,471,237,1 477,208,508,249,1 536,92,562,123,1 612,70,632,102,1 550,80,568,99,1
C:\Users\Shi\Documents\AnacondaProjects\depth-yolov4-tiny-tf2-strawberry/VOCdevkit/VOC2007/JPEGImages/rgb-00042-16160360496610.jpeg 1,170,17,204,0 187,149,211,188,0 190,109,210,135,1 178,138,190,152,1 239,92,263,117,0 397,240,426,277,0 393,178,417,207,1 522,120,551,159,1 540,168,564,198,1 563,184,600,231,0 586,198,620,247,0 429,210,449,231,1
C:\Users\Shi\Documents\AnacondaProjects\depth-yolov4-tiny-tf2-strawberry/VOCdevkit/VOC2007/JPEGImages/rgb-00045-16160361152003.jpeg 106,231,136,275,0 246,245,293,310,0 291,279,325,331,0
C:\Users\Shi\Documents\AnacondaProjects\depth-yolov4-tiny-tf2-strawberry/VOCdevkit/VOC2007/JPEGImages/rgb-00048-16160361239994.jpeg 203,168,236,218,1 236,164,274,223,0 352,137,377,171,1 361,163,384,194,0 384,136,411,182,0 565,85,588,120,1 606,115,621,135,0
C:\Users\Shi\Documents\AnacondaProjects\depth-yolov4-tiny-tf2-strawberry/VOCdevkit/VOC2007/JPEGImages/rgb-00052-16160361578174.jpeg 96,1,139,54,1 38,1,88,42,1 255,43,293,93,0 291,59,316,92,1 309,44,333,78,1 414,2,439,37,0 511,30,527,52,1 526,28,542,57,0 552,16,566,42,0
C:\Users\Shi\Documents\AnacondaProjects\depth-yolov4-tiny-tf2-strawberry/VOCdevkit/VOC2007/JPEGImages/rgb-00056-16160362157805.jpeg 187,40,226,86,1 217,43,248,81,1 224,79,248,116,1 302,82,329,131,0 509,63,526,83,1 572,63,585,80,1 570,80,584,96,1 582,84,597,107,0 597,77,608,89,1 624,66,638,88,0
C:\Users\Shi\Documents\AnacondaProjects\depth-yolov4-tiny-tf2-strawberry/VOCdevkit/VOC2007/JPEGImages/rgb-00058-16160362248287.jpeg 125,23,168,56,1 120,51,163,109,1 308,147,335,187,0 479,9,507,43,0 505,16,524,42,1 503,126,519,144,1
C:\Users\Shi\Documents\AnacondaProjects\depth-yolov4-tiny-tf2-strawberry/VOCdevkit/VOC2007/JPEGImages/rgb-00061-16160362520039.jpeg 206,109,239,152,0 116,119,140,150,1 349,202,381,251,1 412,246,455,277,1 379,120,413,160,1
C:\Users\Shi\Documents\AnacondaProjects\depth-yolov4-tiny-tf2-strawberry/VOCdevkit/VOC2007/JPEGImages/rgb-00062-16160362647874.jpeg 230,94,261,147,0 526,146,555,194,1
C:\Users\Shi\Documents\AnacondaProjects\depth-yolov4-tiny-tf2-strawberry/VOCdevkit/VOC2007/JPEGImages/rgb-00067-16160362767418.jpeg 138,9,167,56,1 157,85,176,112,1 127,86,160,137,0 326,130,348,160,0 410,60,427,85,1 439,25,458,51,1
C:\Users\Shi\Documents\AnacondaProjects\depth-yolov4-tiny-tf2-strawberry/VOCdevkit/VOC2007/JPEGImages/rgb-00074-16160363293621.jpeg 93,259,125,299,0 377,150,405,183,1 385,138,408,153,1 401,156,435,194,1
C:\Users\Shi\Documents\AnacondaProjects\depth-yolov4-tiny-tf2-strawberry/VOCdevkit/VOC2007/JPEGImages/rgb-00076-16160363383476.jpeg 289,152,310,180,0 458,147,501,194,0 567,302,593,337,0 504,190,531,221,1 471,258,495,287,1 562,290,577,306,1 434,198,451,216,1 574,33,628,85,1 324,49,348,91,1 255,71,278,96,1 186,100,206,122,1 155,51,176,74,0 158,107,170,121,1 145,114,158,127,1 138,115,146,126,0 129,112,138,125,1
C:\Users\Shi\Documents\AnacondaProjects\depth-yolov4-tiny-tf2-strawberry/VOCdevkit/VOC2007/JPEGImages/rgb-00080-16160363591645.jpeg 9,43,47,88,1 96,78,130,125,1 193,55,219,88,1 304,118,329,158,0 354,106,376,134,1 326,113,339,144,1 525,3,545,30,1 545,7,558,27,1 585,13,601,40,0
C:\Users\Shi\Documents\AnacondaProjects\depth-yolov4-tiny-tf2-strawberry/VOCdevkit/VOC2007/JPEGImages/rgb-00082-16160363753542.jpeg 166,74,212,133,1 120,132,156,175,1 68,137,99,175,1 278,145,312,189,0 332,84,369,124,0 349,178,376,211,1 343,142,366,170,1 459,165,480,188,1 510,135,530,165,0 550,126,564,147,1 558,59,588,82,1 539,48,567,73,0
C:\Users\Shi\Documents\AnacondaProjects\depth-yolov4-tiny-tf2-strawberry/VOCdevkit/VOC2007/JPEGImages/rgb-00087-16160363990295.jpeg 144,124,175,161,1 171,141,202,177,1 143,160,177,206,1 298,126,324,166,1 322,186,347,220,1 281,168,313,218,1 405,142,440,184,1 526,95,541,120,1 536,101,557,122,1 611,114,625,133,1 621,99,638,120,1
C:\Users\Shi\Documents\AnacondaProjects\depth-yolov4-tiny-tf2-strawberry/VOCdevkit/VOC2007/JPEGImages/rgb-00088-16160364122651.jpeg 128,1,176,41,1 139,62,177,103,0 200,94,229,133,1 189,113,216,150,1 107,76,143,121,1 47,88,84,137,0 4,77,35,111,1
C:\Users\Shi\Documents\AnacondaProjects\depth-yolov4-tiny-tf2-strawberry/VOCdevkit/VOC2007/JPEGImages/rgb-00092-16160364323914.jpeg 43,9,79,47,1 97,3,140,75,1 130,7,168,73,1 162,35,193,79,1 203,40,229,85,1 222,30,250,71,1 343,61,359,85,1 335,55,362,97,0 434,44,450,72,1 544,14,562,38,0 594,10,607,22,1
C:\Users\Shi\Documents\AnacondaProjects\depth-yolov4-tiny-tf2-strawberry/VOCdevkit/VOC2007/JPEGImages/rgb-00098-16160364792273.jpeg 67,13,106,68,1 1,106,43,178,0 339,160,385,216,1 376,182,412,230,1 451,109,481,150,1 372,114,402,164,0 410,90,431,126,1 424,102,442,122,1 624,87,640,118,0
C:\Users\Shi\Documents\AnacondaProjects\depth-yolov4-tiny-tf2-strawberry/VOCdevkit/VOC2007/JPEGImages/rgb-00110-16160366329983.jpeg 49,112,71,138,1 62,171,92,210,1 85,154,116,183,1 200,68,227,107,1 502,95,535,141,0 489,150,519,202,0 551,120,578,144,1 582,152,621,198,1 625,40,640,103,1 141,36,169,68,1
C:\Users\Shi\Documents\AnacondaProjects\depth-yolov4-tiny-tf2-strawberry/VOCdevkit/VOC2007/JPEGImages/rgb-00111-16160366475485.jpeg 216,1,253,31,1 136,165,163,201,1 1,143,16,168,1 403,316,450,376,1 455,303,491,338,1 620,129,640,173,1
C:\Users\Shi\Documents\AnacondaProjects\depth-yolov4-tiny-tf2-strawberry/VOCdevkit/VOC2007/JPEGImages/rgb-00112-16160366633475.jpeg 61,17,93,63,1 383,50,411,77,1 396,152,429,198,1 538,226,571,273,0 396,217,416,249,1 414,183,438,217,1 343,237,364,264,1 358,207,399,269,0 283,209,317,253,0 44,196,71,232,1 120,198,157,244,0
C:\Users\Shi\Documents\AnacondaProjects\depth-yolov4-tiny-tf2-strawberry/VOCdevkit/VOC2007/JPEGImages/rgb-00113-16160366787237.jpeg 5,98,38,141,1 68,71,97,106,1 122,170,154,215,0 151,169,178,206,1 330,197,367,249,0 448,208,474,242,1 525,203,560,247,0 471,23,505,69,1
C:\Users\Shi\Documents\AnacondaProjects\depth-yolov4-tiny-tf2-strawberry/VOCdevkit/VOC2007/JPEGImages/rgb-00114-16160367199148.jpeg 146,7,174,33,1 182,15,216,64,1 238,23,255,49,1 250,32,271,60,1 330,145,357,178,1 297,112,334,172,0 423,41,452,81,1 516,46,543,87,1 483,106,503,131,1 466,118,486,143,1 472,152,495,177,1 480,163,512,199,0 513,119,549,168,0 515,158,546,194,0 535,114,554,144,1 553,120,578,151,1 544,144,577,174,1 598,145,624,183,1
C:\Users\Shi\Documents\AnacondaProjects\depth-yolov4-tiny-tf2-strawberry/VOCdevkit/VOC2007/JPEGImages/rgb-00115-16160367256503.jpeg 226,149,252,176,1 249,137,280,175,1 263,150,295,193,1 227,198,259,237,1 314,143,339,171,1 341,130,363,156,1 394,133,434,190,0
C:\Users\Shi\Documents\AnacondaProjects\depth-yolov4-tiny-tf2-strawberry/VOCdevkit/VOC2007/JPEGImages/rgb-00116-16160367349004.jpeg 254,176,278,209,1 250,197,278,227,1 335,149,352,179,1 321,142,338,168,1 308,176,344,228,1 278,202,309,249,0 465,261,503,312,1 517,264,545,306,1 534,262,571,316,1 567,174,592,206,1 561,80,581,105,1 582,80,610,122,1 603,73,631,106,1
C:\Users\Shi\Documents\AnacondaProjects\depth-yolov4-tiny-tf2-strawberry/VOCdevkit/VOC2007/JPEGImages/rgb-00117-16160367543100.jpeg 45,43,65,65,1 55,16,94,52,1 264,64,296,92,1 302,31,328,65,1 327,114,353,152,1 325,127,368,175,1 369,145,427,221,1 419,136,445,178,1 453,128,494,178,1 437,97,462,131,1 595,93,619,126,1
C:\Users\Shi\Documents\AnacondaProjects\depth-yolov4-tiny-tf2-strawberry/VOCdevkit/VOC2007/JPEGImages/rgb-00118-16160367740328.jpeg 54,31,97,85,1 14,68,41,95,1 31,72,60,101,1 146,153,188,215,1 72,165,120,240,0 407,176,457,249,1 353,173,391,221,1 456,157,488,201,1 369,142,395,169,1 477,273,515,319,0 459,285,489,325,0
C:\Users\Shi\Documents\AnacondaProjects\depth-yolov4-tiny-tf2-strawberry/VOCdevkit/VOC2007/JPEGImages/rgb-00119-16160367878183.jpeg 21,182,58,227,1 55,202,103,260,1 175,220,212,264,1 204,176,228,213,1 231,163,253,189,1 284,256,322,321,1 320,236,355,290,1 159,202,212,286,0 444,213,494,269,0 467,256,504,309,1 444,284,479,317,1 324,1,354,27,1
C:\Users\Shi\Documents\AnacondaProjects\depth-yolov4-tiny-tf2-strawberry/VOCdevkit/VOC2007/JPEGImages/rgb-00120-16160367965539.jpeg 71,145,98,174,1 110,182,138,217,1 186,165,210,197,1 108,104,128,125,1 320,76,341,114,1 395,128,419,156,1 386,175,428,235,0 472,185,503,215,1 588,161,640,223,1
C:\Users\Shi\Documents\AnacondaProjects\depth-yolov4-tiny-tf2-strawberry/VOCdevkit/VOC2007/JPEGImages/rgb-00121-16160368056810.jpeg 15,136,58,184,0 279,245,339,317,0 253,288,297,342,1 233,313,267,355,1 360,243,402,307,1 451,30,487,82,1 501,78,533,116,1 561,117,608,178,1
C:\Users\Shi\Documents\AnacondaProjects\depth-yolov4-tiny-tf2-strawberry/VOCdevkit/VOC2007/JPEGImages/rgb-00122-16160368460480.jpeg 244,160,284,211,1 288,183,310,209,1 354,125,377,152,1 433,184,453,207,1 454,174,472,195,1 483,176,505,198,1 546,86,576,129,1 596,98,638,153,1 560,222,601,271,1 318,186,357,235,0 342,198,379,264,0 372,232,408,278,0 385,220,406,249,1 403,204,439,261,0 483,240,517,292,0
C:\Users\Shi\Documents\AnacondaProjects\depth-yolov4-tiny-tf2-strawberry/VOCdevkit/VOC2007/JPEGImages/rgb-00123-16160368499866.jpeg 257,38,276,66,1 201,113,236,156,1 457,36,490,75,1 499,45,543,98,1 545,22,583,83,1 450,158,486,202,1 249,128,291,175,0 278,146,315,204,0 315,164,334,188,1 246,138,258,157,1 352,130,369,151,1 378,122,393,142,1 390,120,407,138,1 335,152,369,201,0 308,177,340,218,0 402,183,433,230,0 359,185,375,204,1
C:\Users\Shi\Documents\AnacondaProjects\depth-yolov4-tiny-tf2-strawberry/VOCdevkit/VOC2007/JPEGImages/rgb-00124-16160368592846.jpeg 406,92,430,121,1 413,123,431,147,1 424,138,448,165,1 441,127,465,165,1 469,101,488,126,1 381,149,401,170,1 453,199,492,257,1 519,190,557,242,1 473,149,522,225,0 434,160,476,228,0
C:\Users\Shi\Documents\AnacondaProjects\depth-yolov4-tiny-tf2-strawberry/VOCdevkit/VOC2007/JPEGImages/rgb-00126-16160368885381.jpeg 169,160,217,229,0 245,141,287,200,1 338,144,367,183,1 506,140,535,177,1 480,141,510,182,0 349,182,391,245,0
C:\Users\Shi\Documents\AnacondaProjects\depth-yolov4-tiny-tf2-strawberry/VOCdevkit/VOC2007/JPEGImages/rgb-00127-16160369014455.jpeg 377,138,414,188,0 374,186,420,252,0 463,102,487,132,1
C:\Users\Shi\Documents\AnacondaProjects\depth-yolov4-tiny-tf2-strawberry/VOCdevkit/VOC2007/JPEGImages/rgb-00128-16160369136832.jpeg 138,71,161,92,1 159,108,190,144,1 36,231,76,281,1 1,238,26,270,1 12,241,40,277,1 27,204,63,234,0 1,208,29,251,0 351,228,390,296,0 265,134,299,185,0 468,60,507,131,1 515,79,539,112,1
C:\Users\Shi\Documents\AnacondaProjects\depth-yolov4-tiny-tf2-strawberry/VOCdevkit/VOC2007/JPEGImages/rgb-00129-16160369278885.jpeg 192,195,229,257,0 217,246,262,307,0 233,283,271,326,1 252,235,273,268,1 379,280,415,322,1 409,266,452,335,1 514,131,543,174,1 495,101,524,133,1 555,160,581,212,0
C:\Users\Shi\Documents\AnacondaProjects\depth-yolov4-tiny-tf2-strawberry/VOCdevkit/VOC2007/JPEGImages/rgb-00130-16160369407032.jpeg 376,121,410,180,0 372,169,421,228,0 378,214,412,247,1 573,211,614,261,1
C:\Users\Shi\Documents\AnacondaProjects\depth-yolov4-tiny-tf2-strawberry/VOCdevkit/VOC2007/JPEGImages/rgb-00131-16160369545658.jpeg 162,8,189,47,1 153,54,170,77,1 148,86,172,120,1 228,40,258,78,1 182,26,208,60,1 268,31,308,79,1 239,59,290,110,1 240,146,274,183,1 269,159,295,188,1 236,169,257,191,1 324,183,363,230,1 334,144,377,193,0 149,54,181,90,0 554,193,596,254,0
C:\Users\Shi\Documents\AnacondaProjects\depth-yolov4-tiny-tf2-strawberry/VOCdevkit/VOC2007/JPEGImages/rgb-00135-16160369914172.jpeg 77,92,119,137,1 363,195,396,231,1 351,225,394,279,1 382,255,420,301,1 406,194,462,271,0 259,240,305,304,0 265,292,300,347,0 235,276,274,337,1
C:\Users\Shi\Documents\AnacondaProjects\depth-yolov4-tiny-tf2-strawberry/VOCdevkit/VOC2007/JPEGImages/rgb-00136-16160370254074.jpeg 105,150,144,201,0 272,130,310,192,0 502,47,539,102,1 478,63,508,96,1 565,2,606,38,1 538,137,560,163,1 617,157,640,191,1
C:\Users\Shi\Documents\AnacondaProjects\depth-yolov4-tiny-tf2-strawberry/VOCdevkit/VOC2007/JPEGImages/rgb-00138-16160370383159.jpeg 425,225,463,274,0 533,211,571,264,0
C:\Users\Shi\Documents\AnacondaProjects\depth-yolov4-tiny-tf2-strawberry/VOCdevkit/VOC2007/JPEGImages/rgb-00139-16160370535213.jpeg 199,160,229,190,1 196,191,236,236,1 225,174,252,214,1 246,174,281,217,1 150,232,184,267,1 244,104,303,184,0
C:\Users\Shi\Documents\AnacondaProjects\depth-yolov4-tiny-tf2-strawberry/VOCdevkit/VOC2007/JPEGImages/rgb-00142-16160370668985.jpeg 24,145,67,199,1 68,171,97,199,1 102,184,130,214,1 74,128,125,185,0 334,108,362,156,1 390,107,424,159,1 358,126,405,188,0 416,102,455,175,0 529,17,554,45,1 602,64,640,96,1 610,120,640,172,1
C:\Users\Shi\Documents\AnacondaProjects\depth-yolov4-tiny-tf2-strawberry/VOCdevkit/VOC2007/JPEGImages/rgb-00144-16160370798529.jpeg 1,130,21,160,1 214,80,252,133,1 13,112,53,166,0 153,2,190,64,0 438,77,471,127,0 464,98,495,143,0 605,145,640,207,0 580,17,610,57,0
C:\Users\Shi\Documents\AnacondaProjects\depth-yolov4-tiny-tf2-strawberry/VOCdevkit/VOC2007/JPEGImages/rgb-00146-16160371298969.jpeg 34,128,57,161,1 216,185,239,215,1 430,138,470,201,1 378,48,422,120,0 246,174,281,221,0 1,4,40,47,1 453,33,484,65,1
C:\Users\Shi\Documents\AnacondaProjects\depth-yolov4-tiny-tf2-strawberry/VOCdevkit/VOC2007/JPEGImages/rgb-00149-16160371466324.jpeg 1,8,22,32,1 7,47,30,80,1 30,62,52,89,1 67,85,98,125,0 87,68,117,110,0 110,1,149,49,0 310,104,358,179,0 261,116,292,164,1
C:\Users\Shi\Documents\AnacondaProjects\depth-yolov4-tiny-tf2-strawberry/VOCdevkit/VOC2007/JPEGImages/rgb-00150-16160371569305.jpeg 76,154,108,200,1 149,209,178,250,0 270,140,310,202,0 298,182,318,206,1 252,190,279,218,1 390,123,410,146,1 436,108,458,140,1 536,79,572,128,1 420,162,460,214,0
C:\Users\Shi\Documents\AnacondaProjects\depth-yolov4-tiny-tf2-strawberry/VOCdevkit/VOC2007/JPEGImages/rgb-00152-16160371671671.jpeg 21,119,48,147,1 26,207,48,232,1 239,171,262,192,1 222,154,238,174,1 250,190,273,213,1 266,144,293,176,1 77,163,109,208,0 266,172,301,221,0 281,146,320,207,0 530,179,562,226,1 560,204,602,265,1 602,156,630,193,1
C:\Users\Shi\Documents\AnacondaProjects\depth-yolov4-tiny-tf2-strawberry/VOCdevkit/VOC2007/JPEGImages/rgb-00153-16160371907007.jpeg 133,37,158,69,1 161,37,195,78,1 162,78,187,115,0 312,68,346,125,0 225,78,259,121,1 255,89,279,128,1 286,73,309,101,1 278,103,302,140,1
C:\Users\Shi\Documents\AnacondaProjects\depth-yolov4-tiny-tf2-strawberry/VOCdevkit/VOC2007/JPEGImages/rgb-00154-16160372117811.jpeg 300,66,348,130,0 264,107,305,160,0 302,118,341,160,1 240,135,264,157,1 226,107,245,134,1
C:\Users\Shi\Documents\AnacondaProjects\depth-yolov4-tiny-tf2-strawberry/VOCdevkit/VOC2007/JPEGImages/rgb-00155-16160372314251.jpeg 393,111,445,184,0 376,165,415,215,1 326,183,348,223,1 335,150,379,213,0
C:\Users\Shi\Documents\AnacondaProjects\depth-yolov4-tiny-tf2-strawberry/VOCdevkit/VOC2007/JPEGImages/rgb-00157-16160373535154.jpeg 231,109,262,149,1 278,159,314,195,1 531,220,556,247,1 126,274,163,325,1 111,260,149,321,1 67,294,96,330,1 305,211,353,276,0 503,264,548,326,0
C:\Users\Shi\Documents\AnacondaProjects\depth-yolov4-tiny-tf2-strawberry/VOCdevkit/VOC2007/JPEGImages/rgb-00158-16160374041952.jpeg 244,91,272,136,1 320,49,342,80,1 316,91,352,146,1 416,168,451,212,1 577,223,627,279,1 259,169,305,234,1
C:\Users\Shi\Documents\AnacondaProjects\depth-yolov4-tiny-tf2-strawberry/VOCdevkit/VOC2007/JPEGImages/rgb-00159-16160374191516.jpeg 88,25,127,77,0 265,64,294,102,1 339,28,362,58,1 327,232,361,280,1 397,195,440,240,1
C:\Users\Shi\Documents\AnacondaProjects\depth-yolov4-tiny-tf2-strawberry/VOCdevkit/VOC2007/JPEGImages/rgb-00161-16160374703169.jpeg 224,14,244,43,1 241,17,267,55,1 212,49,231,69,1 228,90,260,130,1 227,157,259,203,1 209,178,228,200,1 177,265,200,294,1 220,258,250,303,0 368,60,398,105,0 388,126,427,184,0 303,64,326,92,1
C:\Users\Shi\Documents\AnacondaProjects\depth-yolov4-tiny-tf2-strawberry/VOCdevkit/VOC2007/JPEGImages/rgb-00162-16160374956828.jpeg 225,65,244,94,1 143,17,163,40,1 157,116,182,159,1 268,79,304,138,0 613,46,640,96,1 1,123,12,140,1
C:\Users\Shi\Documents\AnacondaProjects\depth-yolov4-tiny-tf2-strawberry/VOCdevkit/VOC2007/JPEGImages/rgb-00163-16160375020746.jpeg 1,77,11,104,0 13,114,39,150,0 167,17,190,41,1 249,56,269,85,1 189,110,215,148,1 291,67,326,123,0
C:\Users\Shi\Documents\AnacondaProjects\depth-yolov4-tiny-tf2-strawberry/VOCdevkit/VOC2007/JPEGImages/rgb-00164-16160375109039.jpeg 45,46,70,76,1 23,94,45,129,1 57,84,88,124,1 58,140,78,169,0 357,34,390,87,0 371,157,400,206,0 391,163,415,211,0 362,1,391,38,1 322,20,341,42,1
C:\Users\Shi\Documents\AnacondaProjects\depth-yolov4-tiny-tf2-strawberry/VOCdevkit/VOC2007/JPEGImages/rgb-00165-16160375239375.jpeg 5,59,30,90,1 24,60,48,87,1 57,57,81,87,1 308,57,329,84,1 352,33,371,59,1 382,44,414,92,1 330,89,369,148,0
C:\Users\Shi\Documents\AnacondaProjects\depth-yolov4-tiny-tf2-strawberry/VOCdevkit/VOC2007/JPEGImages/rgb-00167-16160375393314.jpeg 26,110,46,142,1 176,45,187,65,1 186,46,210,84,0 471,40,496,78,1 446,131,473,171,1 514,136,544,170,1 588,20,614,60,1 483,102,518,152,0
C:\Users\Shi\Documents\AnacondaProjects\depth-yolov4-tiny-tf2-strawberry/VOCdevkit/VOC2007/JPEGImages/rgb-00168-16160375666329.jpeg 115,129,158,179,1 176,150,215,199,0 1,136,15,170,1 202,97,226,130,1 332,94,363,138,1 384,95,408,127,1 403,99,431,134,1 424,95,459,141,1 392,130,445,196,0
C:\Users\Shi\Documents\AnacondaProjects\depth-yolov4-tiny-tf2-strawberry/VOCdevkit/VOC2007/JPEGImages/rgb-00169-16160376329730.jpeg 62,82,101,133,1 118,74,147,108,1 134,93,173,141,1 172,51,200,88,1 154,61,174,86,1 104,59,130,87,1 295,65,314,98,0 288,48,318,92,0 466,68,482,97,0 516,19,535,46,1 543,29,560,54,1
C:\Users\Shi\Documents\AnacondaProjects\depth-yolov4-tiny-tf2-strawberry/VOCdevkit/VOC2007/JPEGImages/rgb-00170-16160376672640.jpeg 172,184,189,213,1 196,184,214,206,1 419,163,453,209,0 448,158,478,197,1 527,9,558,56,1 519,45,550,80,1
C:\Users\Shi\Documents\AnacondaProjects\depth-yolov4-tiny-tf2-strawberry/VOCdevkit/VOC2007/JPEGImages/rgb-00171-16160376914862.jpeg 36,172,58,206,1 89,192,111,227,1 373,223,403,264,0 385,242,413,284,0 516,123,554,179,0
C:\Users\Shi\Documents\AnacondaProjects\depth-yolov4-tiny-tf2-strawberry/VOCdevkit/VOC2007/JPEGImages/rgb-00172-16160377219427.jpeg 2,212,28,242,1 60,217,86,249,1 400,136,433,182,0 429,142,464,185,1 537,12,571,40,1
C:\Users\Shi\Documents\AnacondaProjects\depth-yolov4-tiny-tf2-strawberry/VOCdevkit/VOC2007/JPEGImages/rgb-00173-16160377489014.jpeg 35,241,62,274,1 60,237,91,281,1 178,161,216,219,0 148,287,181,338,0 160,298,204,363,0
C:\Users\Shi\Documents\AnacondaProjects\depth-yolov4-tiny-tf2-strawberry/VOCdevkit/VOC2007/JPEGImages/rgb-00174-16160377618110.jpeg 152,156,179,188,1 174,193,200,225,1 192,209,219,245,1 217,194,252,244,1 373,201,398,242,1 477,191,501,218,1 501,132,533,175,0 415,237,448,285,0 450,241,485,295,0 42,1,78,27,1 590,34,616,61,1 612,21,630,42,1
C:\Users\Shi\Documents\AnacondaProjects\depth-yolov4-tiny-tf2-strawberry/VOCdevkit/VOC2007/JPEGImages/rgb-00175-16160377815663.jpeg 122,1,155,49,1 90,235,121,277,1 59,254,83,292,1 71,208,111,257,0 170,186,211,227,1 306,141,337,188,1 354,108,387,149,1 361,149,383,176,1 500,108,527,145,1 516,64,559,123,1
C:\Users\Shi\Documents\AnacondaProjects\depth-yolov4-tiny-tf2-strawberry/VOCdevkit/VOC2007/JPEGImages/rgb-00179-16160378974573.jpeg 19,41,67,97,0 1,63,20,97,1 6,98,27,122,1 27,88,62,125,1 103,64,126,92,1 165,133,193,172,1 274,80,296,113,1 333,84,361,126,1 529,104,563,153,1 105,42,149,108,0 132,96,173,157,0 116,127,155,182,0 380,78,420,144,0 492,159,525,201,0 508,176,544,228,0 516,235,552,285,0 549,225,585,278,0
C:\Users\Shi\Documents\AnacondaProjects\depth-yolov4-tiny-tf2-strawberry/VOCdevkit/VOC2007/JPEGImages/rgb-00185-16160379849072.jpeg 185,48,229,116,1 181,236,225,297,0 220,235,261,290,0 392,295,438,357,0 436,311,476,370,0 392,367,421,400,1
C:\Users\Shi\Documents\AnacondaProjects\depth-yolov4-tiny-tf2-strawberry/VOCdevkit/VOC2007/JPEGImages/rgb-00191-16160380393400.jpeg 1,102,26,149,1 21,85,60,138,1 201,116,223,146,1 26,172,54,202,1 146,182,177,223,0 212,201,246,244,0 198,260,237,317,0 134,239,153,264,1 439,244,456,268,1 458,277,482,305,1 469,301,490,328,1 595,242,617,264,1 529,213,579,273,0 492,236,530,289,0 560,294,590,337,0
C:\Users\Shi\Documents\AnacondaProjects\depth-yolov4-tiny-tf2-strawberry/VOCdevkit/VOC2007/JPEGImages/rgb-00195-16160380957574.jpeg 414,23,465,89,1 268,156,302,209,1 232,207,249,226,1 281,199,297,223,1 229,179,269,241,0 329,269,364,312,0 297,206,322,235,0 474,199,508,250,0 501,218,539,271,0 546,165,588,206,1 539,190,576,227,1 537,224,569,261,1 419,159,449,198,1
C:\Users\Shi\Documents\AnacondaProjects\depth-yolov4-tiny-tf2-strawberry/VOCdevkit/VOC2007/JPEGImages/rgb-00197-16160381148773.jpeg 1,61,33,108,1 1,160,34,213,0 5,196,28,214,1 106,82,141,128,1 98,108,130,151,1 247,61,269,95,1 273,58,298,101,1 297,54,326,95,1 200,256,229,297,0 241,207,275,253,0 231,267,249,292,1 411,147,435,199,0 427,166,441,185,1 508,222,541,270,0
C:\Users\Shi\Documents\AnacondaProjects\depth-yolov4-tiny-tf2-strawberry/VOCdevkit/VOC2007/JPEGImages/rgb-00199-16160381300359.jpeg 312,29,350,89,1 350,37,379,75,1 371,66,409,121,1 287,84,320,132,1 260,108,287,152,1 211,168,234,203,1 156,155,184,200,1 170,182,190,212,1 219,240,239,266,1 252,226,268,244,1 188,210,207,228,1 194,229,214,256,1 154,224,174,251,1 110,285,127,309,1 205,312,233,352,1 55,217,81,254,1 83,251,102,275,1 616,152,640,216,1 74,254,105,289,0 100,191,131,238,0 169,293,202,340,0 148,311,181,355,0 183,141,220,208,0 240,174,269,219,0 246,197,282,236,0 278,194,310,250,1 306,217,339,265,0 339,224,374,273,0 570,108,628,183,0 606,211,640,265,1
C:\Users\Shi\Documents\AnacondaProjects\depth-yolov4-tiny-tf2-strawberry/VOCdevkit/VOC2007/JPEGImages/rgb-00201-16160381526487.jpeg 598,57,640,114,1 438,144,478,196,1 382,237,417,286,1 417,278,444,312,1 456,228,481,264,1 509,154,541,197,1 544,238,572,273,1 541,326,573,372,1 433,315,453,346,1 438,119,478,193,0 558,164,598,216,0 588,210,625,255,0 563,208,596,252,0 537,182,577,241,0 478,199,525,260,0 451,302,495,353,0 454,334,495,388,0 368,275,406,324,0
C:\Users\Shi\Documents\AnacondaProjects\depth-yolov4-tiny-tf2-strawberry/VOCdevkit/VOC2007/JPEGImages/rgb-00202-16160381973898.jpeg 404,52,444,113,0 380,141,417,200,0 345,20,374,62,1 357,165,389,203,1 352,187,376,213,1 324,165,344,190,1 269,129,291,156,1 301,133,334,181,0 314,145,348,196,0 225,154,258,204,0 149,133,167,156,1 105,62,134,99,1 6,73,29,101,1 117,146,144,182,1 36,82,62,117,0 44,108,64,137,0 17,89,43,118,0
C:\Users\Shi\Documents\AnacondaProjects\depth-yolov4-tiny-tf2-strawberry/VOCdevkit/VOC2007/JPEGImages/rgb-00205-16160382235953.jpeg 1,125,41,194,0 128,241,160,285,1 107,232,130,263,1 206,257,231,291,1 252,223,295,278,1 261,176,295,223,1 292,137,339,203,1 354,192,384,231,1 402,125,444,175,1 168,241,206,296,0 236,123,285,184,0 253,180,302,239,0 120,1,174,55,1 257,31,301,81,1 116,54,155,97,1 619,1,640,77,0
C:\Users\Shi\Documents\AnacondaProjects\depth-yolov4-tiny-tf2-strawberry/VOCdevkit/VOC2007/JPEGImages/rgb-00207-16160382451006.jpeg 1,150,27,183,1 168,38,204,97,0 127,76,150,104,1 306,207,338,251,0 342,192,364,222,1 331,202,359,240,0 342,79,379,135,0 402,95,426,132,0 552,109,577,145,1 593,85,624,117,1 368,133,393,172,1 308,142,333,170,1 605,228,637,268,0 607,286,636,322,0 571,255,603,298,0 534,250,562,285,0 546,269,573,304,0
C:\Users\Shi\Documents\AnacondaProjects\depth-yolov4-tiny-tf2-strawberry/VOCdevkit/VOC2007/JPEGImages/rgb-00213-16160383141415.jpeg 385,63,413,107,1 614,105,640,137,1 271,62,301,96,1 296,161,318,207,0 281,172,298,195,0 272,176,287,203,0 253,179,271,200,0 260,135,298,185,0 236,116,265,160,1 219,121,234,142,1 129,80,153,118,1 150,125,169,152,1 163,128,179,151,1 184,128,209,167,0 206,111,238,164,0 140,41,188,99,0 74,68,116,120,0 25,41,54,74,1 45,93,79,136,1 27,106,58,146,1 73,82,98,118,1 23,206,52,246,0 1,176,19,211,0
C:\Users\Shi\Documents\AnacondaProjects\depth-yolov4-tiny-tf2-strawberry/VOCdevkit/VOC2007/JPEGImages/rgb-00214-16160383292979.jpeg 52,63,88,108,1 2,150,26,175,1 79,138,101,173,1 112,112,135,149,1 119,77,138,101,1 321,70,345,105,1 363,91,380,119,1 374,84,394,111,1 406,95,434,131,1 546,174,565,196,1 565,190,587,216,1 253,123,284,174,0 235,175,267,216,0 201,238,223,269,0 245,269,268,303,0 369,138,397,178,0 302,148,319,169,1 319,146,339,171,1 332,165,358,193,0 320,188,343,220,1 324,201,347,231,1 346,185,369,203,1 371,198,389,216,1 368,203,391,235,0 387,190,414,233,0 411,198,433,231,1 422,210,449,254,0 436,229,458,263,0 417,247,434,264,1 441,247,456,268,1
C:\Users\Shi\Documents\AnacondaProjects\depth-yolov4-tiny-tf2-strawberry/VOCdevkit/VOC2007/JPEGImages/rgb-00256-16160387727494.jpeg 1,22,22,80,0 340,168,376,238,0 146,104,174,144,1 176,107,199,132,1 319,199,344,240,1 330,242,357,278,1 308,264,327,288,1 295,237,325,279,1 268,251,285,277,1 241,232,274,283,0 577,17,606,52,1 607,35,640,90,1 593,229,612,254,1 583,270,608,298,1 626,284,640,308,1
C:\Users\Shi\Documents\AnacondaProjects\depth-yolov4-tiny-tf2-strawberry/VOCdevkit/VOC2007/JPEGImages/rgb-00257-16160388113167.jpeg 26,61,71,124,0 72,113,95,141,1 111,63,141,101,1 455,104,480,130,1 450,79,475,106,1 478,100,503,132,1 588,87,629,139,0 508,109,535,145,0 526,251,550,280,0 516,275,540,305,0
C:\Users\Shi\Documents\AnacondaProjects\depth-yolov4-tiny-tf2-strawberry/VOCdevkit/VOC2007/JPEGImages/rgb-00259-16160388311034.jpeg 119,1,157,59,0 134,57,160,89,1 132,64,165,113,0 185,56,205,78,1 178,77,207,114,1 238,281,276,323,0 550,135,586,178,0 595,42,640,104,0 616,175,640,211,0 620,157,640,179,1 330,35,356,64,1
C:\Users\Shi\Documents\AnacondaProjects\depth-yolov4-tiny-tf2-strawberry/VOCdevkit/VOC2007/JPEGImages/rgb-00260-16160388408086.jpeg 29,70,60,110,1 36,142,68,179,1 76,179,97,202,1 65,155,104,195,0 95,97,127,139,1 110,58,157,129,0 138,107,158,129,1 165,143,188,174,1 177,162,201,191,1 338,57,378,117,0 361,94,384,125,1 331,193,350,217,1 365,223,380,239,1 362,205,395,245,0 356,182,382,217,1 391,89,412,115,1 460,79,491,115,1 450,93,479,131,1 416,85,455,131,0 593,138,634,189,0 581,111,616,145,1 546,150,571,174,1 627,166,640,193,1 442,182,458,199,1
C:\Users\Shi\Documents\AnacondaProjects\depth-yolov4-tiny-tf2-strawberry/VOCdevkit/VOC2007/JPEGImages/rgb-00261-16160388601871.jpeg 92,100,125,151,1 114,89,153,152,0 213,190,234,218,1 226,178,253,223,1 254,160,286,205,1 287,180,309,206,1 335,135,365,182,1 405,144,429,179,1 523,45,558,95,0 492,44,510,68,1 611,77,640,121,1
C:\Users\Shi\Documents\AnacondaProjects\depth-yolov4-tiny-tf2-strawberry/VOCdevkit/VOC2007/JPEGImages/rgb-00266-16160392288728.jpeg 1,221,46,283,1 49,228,88,274,1 21,265,70,323,0 1,326,27,368,1 1,312,38,379,0 222,294,269,368,1 496,260,530,295,1 558,255,587,294,1 557,246,608,316,0
C:\Users\Shi\Documents\AnacondaProjects\depth-yolov4-tiny-tf2-strawberry/VOCdevkit/VOC2007/JPEGImages/rgb-00270-16160392579242.jpeg 5,152,45,197,1 35,171,68,218,1 71,166,97,202,1 92,146,139,216,0 223,51,254,103,1 264,73,291,122,1 208,46,239,114,0 282,244,320,300,0 318,259,350,313,0 340,272,378,325,0 301,317,329,359,1 318,322,337,359,1 432,209,457,255,1 449,218,474,251,1 444,226,485,283,0 512,74,548,128,1 529,96,572,150,1 574,66,607,102,1 613,79,640,131,1 620,132,640,165,1 576,32,635,117,0
C:\Users\Shi\Documents\AnacondaProjects\depth-yolov4-tiny-tf2-strawberry/VOCdevkit/VOC2007/JPEGImages/rgb-00271-16160392623617.jpeg 1,67,19,101,1 35,56,67,97,1 24,88,49,114,1 4,101,35,138,1 52,73,91,122,1 22,151,55,193,0 122,249,144,275,1 149,249,173,285,1 165,234,195,282,0 202,241,233,286,0 212,165,237,198,1 240,144,271,179,1 248,194,274,233,1 284,159,312,199,1 304,173,326,208,1 345,149,387,216,0 449,51,486,101,1 487,74,518,114,1 523,253,570,317,0 561,271,601,321,0 598,294,640,360,0 577,278,615,340,0 530,330,564,382,1 553,338,582,387,1 440,50,477,116,0
C:\Users\Shi\Documents\AnacondaProjects\depth-yolov4-tiny-tf2-strawberry/VOCdevkit/VOC2007/JPEGImages/rgb-00274-16160392939903.jpeg 1,55,62,141,0 143,240,184,292,1 148,213,178,242,1 187,247,229,306,0 322,157,364,223,0 302,365,331,398,1 327,368,371,400,0 381,238,406,274,1 415,177,462,254,1 507,206,551,274,1 555,211,606,276,0 584,146,637,211,0 422,275,469,336,0
C:\Users\Shi\Documents\AnacondaProjects\depth-yolov4-tiny-tf2-strawberry/VOCdevkit/VOC2007/JPEGImages/rgb-00275-16160393077727.jpeg 1,74,24,123,1 53,121,92,187,0 170,162,203,211,1 124,300,150,332,1 176,321,212,365,1 171,345,206,384,1 193,373,218,400,1 142,342,171,368,1 219,375,252,400,1 238,331,282,395,0 521,238,557,295,0 550,256,598,330,0
C:\Users\Shi\Documents\AnacondaProjects\depth-yolov4-tiny-tf2-strawberry/VOCdevkit/VOC2007/JPEGImages/rgb-00276-16160393177739.jpeg 476,61,512,112,1 548,123,577,154,1 577,120,605,149,1 523,97,580,173,0 298,155,338,220,0 356,262,401,331,0 349,309,384,365,0 391,299,433,366,0 203,237,252,324,0 162,257,207,328,0 155,322,179,360,1 173,318,195,356,1 212,160,246,189,1
C:\Users\Shi\Documents\AnacondaProjects\depth-yolov4-tiny-tf2-strawberry/VOCdevkit/VOC2007/JPEGImages/rgb-00278-16160393471555.jpeg 126,1,158,40,1 127,25,171,79,1 324,54,359,104,1 363,65,391,101,1 365,152,388,186,1 534,55,574,111,1 524,133,550,161,1 603,70,640,127,0 617,123,640,165,0 542,150,573,202,0 473,207,498,242,0 449,216,479,261,0 400,242,425,275,1 409,237,443,282,0 340,163,371,211,0 317,202,349,251,0 280,197,300,229,1 250,186,281,227,0 88,184,125,234,1 67,200,94,235,1 21,198,43,223,1 1,189,25,220,1 41,170,87,237,0
C:\Users\Shi\Documents\AnacondaProjects\depth-yolov4-tiny-tf2-strawberry/VOCdevkit/VOC2007/JPEGImages/rgb-00279-16160393559692.jpeg 458,42,494,94,1 518,11,549,49,1 558,25,590,64,1 444,67,493,135,1 588,258,629,318,0 388,263,433,318,1 373,285,404,327,1 338,242,390,318,0 326,289,355,320,1 298,263,326,303,1 139,4,187,83,1 155,245,200,314,0 202,239,226,270,1 155,207,176,234,1 124,232,149,259,1 169,220,188,241,1 108,224,147,280,0 64,197,107,251,0 90,52,121,99,1 73,10,107,55,1 1,44,29,123,1 36,36,106,135,0
C:\Users\Shi\Documents\AnacondaProjects\depth-yolov4-tiny-tf2-strawberry/VOCdevkit/VOC2007/JPEGImages/rgb-00281-16160394040708.jpeg 560,113,601,169,1 575,103,616,163,0 533,128,574,182,0 509,238,552,294,0 485,249,514,295,0 430,49,460,97,1 427,33,481,113,0 313,160,354,223,1 348,188,365,212,1 297,183,317,209,1 286,216,320,260,0 308,217,335,265,0 262,216,300,272,0 245,144,281,183,1 207,65,255,125,1 129,138,159,180,1 39,98,97,163,1 1,223,35,267,1
C:\Users\Shi\Documents\AnacondaProjects\depth-yolov4-tiny-tf2-strawberry/VOCdevkit/VOC2007/JPEGImages/rgb-00282-16160394118531.jpeg 51,18,84,59,1 31,222,49,248,1 21,188,43,213,1 3,208,22,235,1 11,250,30,272,1 17,294,34,314,1 55,259,78,281,1 41,301,58,318,1 36,275,70,325,1 27,218,54,257,0 92,178,128,238,0 123,174,156,237,0 316,202,352,259,1 308,216,329,244,1 326,267,348,295,1 504,74,535,112,1 483,98,508,129,1 564,119,607,176,1 576,356,604,394,1 352,250,388,304,1 361,198,407,284,0
C:\Users\Shi\Documents\AnacondaProjects\depth-yolov4-tiny-tf2-strawberry/VOCdevkit/VOC2007/JPEGImages/rgb-00285-16160394341231.jpeg 1,208,59,290,0 81,225,131,289,0 43,289,66,321,1 54,260,91,297,1 229,12,259,52,1 285,21,316,64,1 305,20,345,86,1 570,57,597,96,1 606,106,638,152,1 595,212,620,245,1 619,201,640,252,1 506,168,535,211,1 511,194,534,224,1 517,284,548,331,1 559,290,583,316,1 426,249,452,280,1 392,232,424,283,1 479,135,521,206,1 312,238,356,312,0 335,280,383,357,0 412,254,459,296,0
C:\Users\Shi\Documents\AnacondaProjects\depth-yolov4-tiny-tf2-strawberry/VOCdevkit/VOC2007/JPEGImages/rgb-00286-16160394473274.jpeg 562,92,601,135,1 606,100,640,137,1 320,73,362,125,1 283,74,324,127,1 333,238,367,282,1 311,244,341,293,1 1,58,22,91,1 60,168,87,199,1 164,152,197,212,1 178,193,205,240,1 198,121,221,151,1 242,130,284,188,0 217,157,263,235,0 283,223,322,288,0 331,203,373,270,0 205,279,233,313,1 219,284,248,323,0 92,199,125,241,0 66,213,103,260,0 214,156,237,184,1
C:\Users\Shi\Documents\AnacondaProjects\depth-yolov4-tiny-tf2-strawberry/VOCdevkit/VOC2007/JPEGImages/rgb-00287-16160394556098.jpeg 204,52,244,108,1 216,1,265,73,1 521,80,562,126,1 582,85,612,124,1 245,283,275,309,1 234,284,250,309,1 260,198,286,230,1 257,223,279,247,1 250,238,288,271,0 248,254,292,313,0 396,163,435,227,1 427,129,454,161,1 460,280,492,316,0 491,273,518,307,0 524,201,546,228,1 532,210,563,250,1 506,226,538,265,1 458,200,487,243,1 468,209,512,271,0 506,189,543,244,0 455,162,502,222,0 480,140,518,191,0 446,132,484,186,0 176,47,206,78,1 233,177,252,198,1 265,55,288,83,1 288,43,315,71,1 545,125,569,154,1 600,157,621,182,1 606,126,633,154,1
C:\Users\Shi\Documents\AnacondaProjects\depth-yolov4-tiny-tf2-strawberry/VOCdevkit/VOC2007/JPEGImages/rgb-00288-16160394619391.jpeg 61,76,87,112,1 43,121,64,147,1 23,98,58,151,0 26,44,62,97,0 133,220,157,251,1 167,225,193,259,0 197,235,222,271,0 218,231,247,276,0 240,131,264,169,1 231,138,258,174,1 231,107,277,171,0 334,243,353,269,1 329,260,348,285,1 361,223,385,261,1 379,228,407,273,1 407,216,436,249,1 350,180,375,209,1 436,170,485,244,0 482,226,500,249,1 486,211,502,235,1 396,216,414,236,1 327,202,366,259,0
C:\Users\Shi\Documents\AnacondaProjects\depth-yolov4-tiny-tf2-strawberry/VOCdevkit/VOC2007/JPEGImages/rgb-00291-16160395119773.jpeg 3,209,24,235,1 22,213,48,246,1 34,200,74,272,0 85,233,109,268,1 109,237,130,262,1 91,213,139,278,0 152,261,191,319,0 173,222,216,282,0 186,263,216,309,0 145,277,168,314,0 284,75,321,137,1 306,95,325,119,1 316,63,344,106,1 352,93,374,120,1 341,46,388,128,0 382,203,425,267,1 455,174,486,218,1 585,235,619,285,1 496,244,535,297,1 525,258,573,327,0 493,186,543,262,0 424,174,481,264,0 413,219,453,280,0
C:\Users\Shi\Documents\AnacondaProjects\depth-yolov4-tiny-tf2-strawberry/VOCdevkit/VOC2007/JPEGImages/rgb-00292-16160395179315.jpeg 611,183,640,238,1 520,216,573,288,1 572,180,640,288,0 557,242,607,303,0 477,37,530,130,0 448,57,480,107,1 486,92,512,122,1 435,90,459,120,1 412,73,453,140,1 232,242,255,267,1 208,238,236,272,1 161,214,183,246,1 144,211,161,233,1 117,209,144,249,1 298,229,338,287,0 310,273,339,314,0 274,266,315,326,0 221,221,265,282,0 173,204,210,271,0 68,233,95,273,0 29,90,73,152,0 7,138,40,180,0 1,126,13,167,1 1,174,16,228,0
C:\Users\Shi\Documents\AnacondaProjects\depth-yolov4-tiny-tf2-strawberry/VOCdevkit/VOC2007/JPEGImages/rgb-00293-16160395265576.jpeg 459,95,495,149,1 608,218,640,279,1 364,168,402,228,1 350,107,379,142,1 333,118,371,171,1 478,47,532,136,0 504,251,544,304,0 369,117,413,180,0 321,169,363,230,0 282,198,310,228,1 117,102,152,155,0 27,176,57,227,0 44,235,67,268,0 3,144,34,194,0 5,186,26,211,1 1,192,34,238,0 1,235,20,256,1
C:\Users\Shi\Documents\AnacondaProjects\depth-yolov4-tiny-tf2-strawberry/VOCdevkit/VOC2007/JPEGImages/rgb-00294-16160395324482.jpeg 602,213,635,256,1 568,286,609,330,1 590,222,640,313,0 292,157,338,230,0 197,319,222,356,0 176,250,206,311,0 152,268,171,297,1 150,325,168,349,1 144,269,181,332,0 134,207,173,264,0 88,239,105,263,1 111,284,126,309,1 62,286,83,317,1 67,268,87,299,1 36,301,59,332,1 1,238,19,295,0 92,246,118,290,0 615,118,640,175,0
C:\Users\Shi\Documents\AnacondaProjects\depth-yolov4-tiny-tf2-strawberry/VOCdevkit/VOC2007/JPEGImages/rgb-00295-16160395476860.jpeg 222,37,258,82,1 527,251,558,293,1 551,223,575,258,1 484,222,506,245,1 483,127,515,170,1 445,113,486,164,1 522,36,547,71,1 400,1,453,56,1 568,1,608,36,1 294,1,346,49,1 355,8,393,55,1 289,13,335,79,0 457,28,514,103,0 505,95,561,180,0 593,102,640,166,0 519,203,555,250,0 539,183,576,236,0 544,222,584,282,0
C:\Users\Shi\Documents\AnacondaProjects\depth-yolov4-tiny-tf2-strawberry/VOCdevkit/VOC2007/JPEGImages/rgb-00297-16160395593757.jpeg 434,100,475,166,1 400,120,429,157,1 368,124,396,157,1 364,100,393,137,1 349,123,372,150,1 392,222,426,265,0 360,233,399,283,0 341,254,384,315,0 302,165,334,212,0 283,202,314,246,0 5,7,44,55,1 2,98,26,136,1 129,103,151,141,1 106,122,143,172,0 69,161,108,208,0 200,186,231,232,0 166,207,197,254,1 177,247,197,270,1 165,180,203,221,0 41,196,69,233,0 1,189,29,235,0 31,221,49,249,1 7,171,38,202,0
C:\Users\Shi\Documents\AnacondaProjects\depth-yolov4-tiny-tf2-strawberry/VOCdevkit/VOC2007/JPEGImages/rgb-00298-16160396069597.jpeg 83,295,108,334,1 125,332,160,373,0 581,297,600,318,1 579,309,609,334,1 549,288,567,309,1 600,292,620,316,1 454,288,481,320,0 484,308,500,326,1 419,237,439,261,1 467,242,484,264,1 347,260,381,301,1 381,252,400,274,1 382,267,405,288,1 388,292,405,311,1 364,278,399,315,0 374,233,402,269,0 347,226,374,257,0 339,222,356,246,1 623,338,639,358,1 624,367,640,385,1 535,201,549,217,1 499,216,512,235,1 438,299,450,314,1 433,269,448,286,1 625,242,640,261,1
C:\Users\Shi\Documents\AnacondaProjects\depth-yolov4-tiny-tf2-strawberry/VOCdevkit/VOC2007/JPEGImages/rgb-00300-16160396330412.jpeg 490,55,524,85,1 490,75,517,113,1 529,156,553,190,1 614,204,640,233,0 498,178,514,198,1 250,197,286,241,1 240,245,260,267,1 153,250,186,292,0 340,233,368,269,1 360,273,377,293,1 442,255,466,283,1 503,279,518,297,1 489,332,507,357,1 440,276,462,294,1 412,306,434,330,1 446,322,462,338,1 431,297,454,331,0 399,302,425,338,0 403,312,430,353,0 438,199,470,238,0
C:\Users\Shi\Documents\AnacondaProjects\depth-yolov4-tiny-tf2-strawberry/VOCdevkit/VOC2007/JPEGImages/rgb-00304-16160396574822.jpeg 595,157,616,183,1 450,272,478,301,1 417,235,452,284,1 390,271,423,310,0 324,306,339,327,1 265,302,287,328,1 225,301,254,333,1 260,278,290,309,0 230,255,262,292,0 241,330,274,366,0
C:\Users\Shi\Documents\AnacondaProjects\depth-yolov4-tiny-tf2-strawberry/VOCdevkit/VOC2007/JPEGImages/rgb-00305-16160396913618.jpeg 1,257,25,301,1 96,244,124,275,1 117,225,158,267,1 167,204,201,239,1 268,174,322,245,0 386,190,419,236,1 366,237,398,276,1 365,204,390,227,1 498,199,535,244,0 540,203,576,246,1 576,221,603,252,1 620,324,633,337,1 542,321,567,349,1 479,311,502,336,1
C:\Users\Shi\Documents\AnacondaProjects\depth-yolov4-tiny-tf2-strawberry/VOCdevkit/VOC2007/JPEGImages/rgb-00310-16160397704746.jpeg 1,237,26,273,1 139,227,161,257,1 169,259,184,280,1 111,260,141,297,0 92,264,112,287,1 113,272,127,288,1 399,93,437,129,1 512,131,541,161,1 471,203,501,243,1 536,230,565,254,1 335,225,359,253,0 348,166,371,192,1 282,121,300,142,1
C:\Users\Shi\Documents\AnacondaProjects\depth-yolov4-tiny-tf2-strawberry/VOCdevkit/VOC2007/JPEGImages/rgb-00311-16160398001823.jpeg 119,286,146,315,1 152,195,174,224,1 215,209,247,248,1 237,235,265,264,1 262,250,285,279,1 277,184,312,218,1 195,217,215,240,1 350,90,379,123,1 522,107,552,146,1 603,104,620,124,1 607,136,632,159,1 599,156,613,173,1 588,180,608,204,1 551,145,577,179,1 530,146,555,168,1 491,111,510,136,1 315,237,342,265,1 380,209,407,236,1 390,208,415,246,0 419,295,445,326,1 343,278,368,306,1 273,312,290,334,1 306,378,327,400,1 283,322,307,356,0
C:\Users\Shi\Documents\AnacondaProjects\depth-yolov4-tiny-tf2-strawberry/VOCdevkit/VOC2007/JPEGImages/rgb-00314-16160398353274.jpeg 69,150,105,194,0 45,247,76,279,0 72,228,94,257,1 104,234,138,263,1 126,255,150,282,0 157,278,178,305,1 184,233,205,256,1 230,232,263,267,0 289,227,325,266,1 285,256,309,280,1 302,303,326,328,1 396,228,432,268,0 542,218,574,259,0 545,260,567,286,1 563,253,581,274,1 609,267,630,288,1 522,249,535,265,1 528,149,553,175,1 453,272,469,291,1
C:\Users\Shi\Documents\AnacondaProjects\depth-yolov4-tiny-tf2-strawberry/VOCdevkit/VOC2007/JPEGImages/rgb-00316-16160398861342.jpeg 189,73,220,111,1 276,66,300,97,1 305,56,332,90,1 422,290,449,317,1 534,327,552,348,1 573,342,595,364,1 300,262,323,292,1 265,255,300,295,0 102,258,130,290,1 130,274,149,297,1 132,299,152,326,1
C:\Users\Shi\Documents\AnacondaProjects\depth-yolov4-tiny-tf2-strawberry/VOCdevkit/VOC2007/JPEGImages/rgb-00317-16160399044979.jpeg 98,222,130,258,1 71,282,100,304,1 9,313,30,335,1 121,326,141,354,1 114,243,134,274,1 240,261,269,297,1 257,255,280,283,1 178,354,202,388,0 210,366,224,383,1 308,258,343,297,0 314,242,341,277,0 402,299,428,328,0 366,311,382,333,1 391,320,412,347,1 527,268,548,292,1 529,247,560,281,0 581,253,601,271,1 147,265,161,282,1 231,237,250,254,1
C:\Users\Shi\Documents\AnacondaProjects\depth-yolov4-tiny-tf2-strawberry/VOCdevkit/VOC2007/JPEGImages/rgb-00319-16160399398296.jpeg 598,254,615,270,1 552,108,574,141,1 481,169,503,197,1 376,61,400,89,1 357,140,379,168,1 335,212,358,240,0 209,167,238,206,1 215,278,237,309,0 196,269,216,295,1 217,261,231,275,1 237,315,255,340,1 265,337,284,362,1 183,320,198,345,1 185,359,203,381,1 148,303,163,324,1 79,228,103,257,1 1,212,14,240,1 62,282,86,315,0 2,52,23,78,1
C:\Users\Shi\Documents\AnacondaProjects\depth-yolov4-tiny-tf2-strawberry/VOCdevkit/VOC2007/JPEGImages/rgb-00320-16160399569882.jpeg 1,136,24,159,1 177,120,196,139,1 193,174,223,209,1 212,204,230,224,0 217,220,238,244,0 1,245,20,274,0 328,188,360,230,0 401,301,422,327,0 433,306,449,329,0 438,269,460,295,1 606,195,638,226,1 578,108,603,137,1 576,343,601,370,1 617,291,637,312,1 551,310,569,325,1 359,68,386,89,1 359,216,388,242,1 458,282,474,299,1 419,255,433,273,1
C:\Users\Shi\Documents\AnacondaProjects\depth-yolov4-tiny-tf2-strawberry/VOCdevkit/VOC2007/JPEGImages/rgb-00325-16160401191692.jpeg 593,183,616,211,0 597,230,612,253,0 610,236,627,258,0 543,282,559,308,0 532,284,546,307,1 526,276,541,302,0 515,268,531,294,0 478,274,490,292,1 439,275,451,295,1 464,258,479,285,1 448,246,462,273,1 436,223,462,261,0 287,201,308,237,1 335,278,348,297,1 321,297,339,322,1 282,328,303,359,1 259,340,280,371,1 276,298,292,327,1 290,283,312,313,1 276,265,295,291,1 230,230,271,287,0 242,266,282,322,0 181,251,223,307,0 206,289,241,341,1 237,154,276,210,0 26,144,71,215,0 375,52,397,87,1
C:\Users\Shi\Documents\AnacondaProjects\depth-yolov4-tiny-tf2-strawberry/VOCdevkit/VOC2007/JPEGImages/rgb-00326-16160401268745.jpeg 262,179,300,252,0 182,184,207,212,1 433,195,465,247,0 375,282,415,333,0 400,318,430,365,1 419,263,454,318,0 436,301,476,351,0 590,254,620,306,0 620,290,638,317,1 594,307,609,327,1 621,228,636,249,1 556,103,577,133,1 539,87,558,112,1 484,242,505,274,1 493,329,510,352,1 507,309,520,327,1 458,319,486,355,1 478,355,500,384,1 449,366,471,393,1
C:\Users\Shi\Documents\AnacondaProjects\depth-yolov4-tiny-tf2-strawberry/VOCdevkit/VOC2007/JPEGImages/rgb-00327-16160401367183.jpeg 57,171,90,218,0 84,168,120,230,0 335,257,354,290,1 340,264,366,306,1 372,276,391,301,1 399,263,413,280,1 339,292,374,342,0 350,310,363,338,1 115,207,140,231,0 111,221,130,249,0 601,236,635,278,0 527,152,564,212,0 621,266,640,303,0
C:\Users\Shi\Documents\AnacondaProjects\depth-yolov4-tiny-tf2-strawberry/VOCdevkit/VOC2007/JPEGImages/rgb-00336-16160402101735.jpeg 54,182,96,246,1 35,237,76,289,1 82,207,110,248,1 177,260,213,313,0 200,282,233,331,0 216,293,248,346,0 242,301,270,338,1 235,223,249,241,1 357,227,389,281,0 354,195,381,231,1 338,257,356,277,1 376,256,400,290,1 381,290,403,317,1 382,146,406,176,1 396,160,424,201,1 431,97,465,144,1 524,216,563,266,0 555,207,584,250,1 578,237,602,275,1 600,210,622,235,1 555,241,584,280,0 585,172,621,224,0 613,195,640,245,0 598,138,633,182,1 609,116,625,144,1
C:\Users\Shi\Documents\AnacondaProjects\depth-yolov4-tiny-tf2-strawberry/VOCdevkit/VOC2007/JPEGImages/rgb-00337-16160402200184.jpeg 64,161,82,187,1 72,179,86,197,1 108,171,143,226,1 144,175,164,206,1 149,199,174,236,1 225,203,258,246,0 229,236,255,269,0 282,199,297,224,1 296,201,323,236,0 331,217,350,237,1 318,226,351,278,0 343,260,364,294,1 357,241,372,261,1 355,211,385,262,0 372,218,390,242,1 384,209,404,241,0 396,214,413,233,1 416,210,437,242,1 408,169,433,205,0 417,129,436,149,1 279,63,308,99,1 269,101,286,128,1 461,145,481,169,1 482,133,506,166,1 530,193,550,229,0 548,206,567,235,0 583,177,601,208,0 628,174,640,199,0 626,194,640,214,0 586,193,598,203,1 614,190,626,205,1 612,207,621,220,1
C:\Users\Shi\Documents\AnacondaProjects\depth-yolov4-tiny-tf2-strawberry/VOCdevkit/VOC2007/JPEGImages/rgb-00338-16160402272383.jpeg 1,153,24,221,0 9,155,41,206,1 53,159,75,185,1 91,279,122,313,1 108,306,125,326,1 177,316,198,344,1 111,260,156,338,0 484,309,508,332,1 485,330,505,349,1 569,338,596,374,1 534,322,577,383,1 573,370,607,400,1
C:\Users\Shi\Documents\AnacondaProjects\depth-yolov4-tiny-tf2-strawberry/VOCdevkit/VOC2007/JPEGImages/rgb-00340-16160402503969.jpeg 88,85,125,140,1 1,135,15,173,1 121,89,145,129,1 238,154,277,217,0 214,306,244,350,0 244,295,268,332,1 258,321,274,347,1 271,312,286,337,1 283,317,298,337,1 346,301,364,328,1 379,303,398,327,1 411,284,431,312,1 278,196,301,236,1 439,209,460,240,1 458,218,471,238,1 449,233,464,251,1 344,276,369,307,0 428,175,456,213,1 451,164,484,209,0 444,60,473,101,1 595,155,621,188,1 616,135,638,162,1 605,80,620,102,1 624,68,640,110,0
C:\Users\Shi\Documents\AnacondaProjects\depth-yolov4-tiny-tf2-strawberry/VOCdevkit/VOC2007/JPEGImages/rgb-00341-16160402565376.jpeg 82,213,118,256,1 211,287,230,313,1 202,274,233,328,0 229,247,253,280,1 214,211,250,269,0 305,237,330,282,0 326,239,346,277,0 325,274,346,299,1 341,163,359,192,1 430,121,458,165,1 483,171,508,213,0 476,289,502,325,0 497,294,515,318,1 546,284,564,303,1 567,282,583,302,1 589,266,607,289,1 521,198,541,233,1 582,107,609,138,1 619,179,640,209,1 621,206,640,231,1 544,261,567,286,0
C:\Users\Shi\Documents\AnacondaProjects\depth-yolov4-tiny-tf2-strawberry/VOCdevkit/VOC2007/JPEGImages/rgb-00342-16160402663679.jpeg 12,117,39,162,0 31,125,58,159,0 47,104,81,148,0 135,176,167,225,0 186,201,218,250,1 177,250,209,295,0 219,204,248,248,1 249,242,284,290,1 452,231,483,284,1 318,316,351,354,1 301,283,341,347,0 439,246,468,306,0
C:\Users\Shi\Documents\AnacondaProjects\depth-yolov4-tiny-tf2-strawberry/VOCdevkit/VOC2007/JPEGImages/rgb-00344-16160402752753.jpeg 227,154,262,209,0 212,179,245,221,0 97,231,124,268,0 139,287,160,316,0 120,287,141,320,0 100,287,125,323,0 83,255,108,294,0 63,249,87,281,1 86,133,110,168,1 68,120,86,147,1 562,270,594,317,1 562,316,587,348,1 578,310,615,362,1 503,269,540,325,0 446,317,481,366,0 434,292,467,333,0 432,240,458,282,0 614,345,640,400,0 322,1,353,30,1 440,21,463,55,1
C:\Users\Shi\Documents\AnacondaProjects\depth-yolov4-tiny-tf2-strawberry/VOCdevkit/VOC2007/JPEGImages/rgb-00347-16160403064986.jpeg 543,166,572,208,1 517,176,548,219,0 521,281,550,320,0 265,248,291,280,1 246,240,268,263,1 244,261,269,292,1 238,302,262,330,1 211,275,241,317,1 165,191,205,242,1 131,230,168,273,1 268,209,305,263,0 265,279,291,315,0 198,245,231,287,0 169,266,192,292,1 193,256,215,285,1 174,278,213,329,0
C:\Users\Shi\Documents\AnacondaProjects\depth-yolov4-tiny-tf2-strawberry/VOCdevkit/VOC2007/JPEGImages/rgb-00348-16160403158434.jpeg 469,8,490,35,1 487,2,508,34,1 561,104,581,126,1 556,124,566,139,1 536,100,557,137,0 523,94,542,123,0 550,73,569,94,1 325,142,357,182,1 286,139,310,170,1 347,183,368,211,1 351,202,371,226,1 260,188,281,210,1 177,185,203,220,1 152,220,181,256,1 203,187,238,232,0 175,201,208,246,0 95,185,129,227,0 127,223,163,280,0 92,219,127,266,0 35,1,76,45,1
C:\Users\Shi\Documents\AnacondaProjects\depth-yolov4-tiny-tf2-strawberry/VOCdevkit/VOC2007/JPEGImages/rgb-00349-16160403293143.jpeg 176,1,208,51,1 131,1,152,27,1 30,140,68,187,1 93,121,117,160,1 191,116,234,171,1 144,162,171,197,1 22,218,55,261,1 1,207,22,245,1 1,249,35,313,0 1,327,28,384,0 120,246,153,298,0 160,244,183,270,1 163,244,197,288,0 260,111,303,181,0 278,146,317,206,1 343,127,388,188,1 286,212,319,265,1 317,223,359,285,0 424,158,459,209,1 444,89,472,130,1 474,98,502,134,1 507,89,538,136,1 522,8,553,50,1 607,185,635,212,1 478,216,503,242,1 538,249,560,274,1 477,254,497,278,1 496,249,521,283,1 541,288,577,330,1 616,266,637,292,1
C:\Users\Shi\Documents\AnacondaProjects\depth-yolov4-tiny-tf2-strawberry/VOCdevkit/VOC2007/JPEGImages/rgb-00350-16160403396749.jpeg 24,234,64,308,0 108,280,139,314,1 48,277,87,331,1 206,340,238,379,0 248,338,286,389,0
C:\Users\Shi\Documents\AnacondaProjects\depth-yolov4-tiny-tf2-strawberry/VOCdevkit/VOC2007/JPEGImages/rgb-00351-16160403520031.jpeg 157,106,179,140,1 155,138,184,178,1 152,169,173,198,1 65,320,93,347,1 89,309,108,331,1 88,346,120,380,1 210,308,236,351,1 182,295,216,349,0 457,256,505,321,0 438,277,472,336,0 427,307,448,335,1 322,285,341,308,0 360,102,383,130,1 376,98,400,138,1
C:\Users\Shi\Documents\AnacondaProjects\depth-yolov4-tiny-tf2-strawberry/VOCdevkit/VOC2007/JPEGImages/rgb-00352-16160403644116.jpeg 502,3,543,69,1 606,247,640,336,0 597,325,637,374,1 392,290,425,329,1 419,315,446,344,1 423,260,465,322,0 351,185,386,236,1 262,189,304,255,0 244,226,277,268,1 177,251,216,298,1 177,294,211,341,0 202,328,230,366,1 130,365,160,398,0 60,369,86,400,1 4,244,35,292,0
C:\Users\Shi\Documents\AnacondaProjects\depth-yolov4-tiny-tf2-strawberry/VOCdevkit/VOC2007/JPEGImages/rgb-00357-16160404199341.jpeg 2,277,32,312,0 159,218,188,268,0 149,251,175,290,0 169,169,195,207,1 200,152,231,209,0 578,222,607,267,1 605,215,627,248,1 588,32,625,86,1 561,326,595,369,1 529,352,555,384,1 547,337,583,392,1
C:\Users\Shi\Documents\AnacondaProjects\depth-yolov4-tiny-tf2-strawberry/VOCdevkit/VOC2007/JPEGImages/rgb-00360-16160404370760.jpeg 281,4,311,51,1 355,103,386,152,1 367,185,392,218,1 383,178,415,228,1 548,212,589,271,1 514,246,545,286,1 483,304,522,351,0 482,341,509,382,1 457,320,478,345,1 383,293,408,325,1 313,285,343,322,1 253,245,284,287,0 172,246,206,291,0 172,285,203,333,1 142,274,167,305,1 82,98,117,160,1 78,144,121,195,1 24,249,54,285,1 6,168,50,227,0 12,237,30,259,1
C:\Users\Shi\Documents\AnacondaProjects\depth-yolov4-tiny-tf2-strawberry/VOCdevkit/VOC2007/JPEGImages/rgb-00362-16160404601086.jpeg 344,40,371,76,1 508,145,541,192,1 577,113,617,163,1 614,119,640,163,1 377,121,426,193,0 364,185,398,237,1 216,238,243,288,1 193,236,216,273,1 157,243,193,294,0 192,123,227,173,1 139,121,175,180,1
C:\Users\Shi\Documents\AnacondaProjects\depth-yolov4-tiny-tf2-strawberry/VOCdevkit/VOC2007/JPEGImages/rgb-00366-16160405742015.jpeg 228,242,254,275,1 261,257,293,306,1 311,323,347,378,0 441,222,473,274,1 467,214,508,264,1 345,157,370,198,1 403,142,428,180,1 331,109,380,167,0 512,168,532,192,1 554,278,574,306,1 468,261,494,292,1 623,247,640,276,0 511,130,546,178,1
C:\Users\Shi\Documents\AnacondaProjects\depth-yolov4-tiny-tf2-strawberry/VOCdevkit/VOC2007/JPEGImages/rgb-00367-16160405803890.jpeg 198,1,256,83,0 252,21,286,73,1 199,44,234,95,1 145,168,184,221,1 230,266,270,324,0 146,152,173,184,1 257,261,290,311,0 436,165,479,236,1 471,156,520,235,1 559,97,595,141,1 562,254,598,302,1 474,221,508,264,1 498,195,523,230,1
C:\Users\Shi\Documents\AnacondaProjects\depth-yolov4-tiny-tf2-strawberry/VOCdevkit/VOC2007/JPEGImages/rgb-00369-16160405952975.jpeg 1,88,33,131,1 10,28,60,115,1 119,115,155,171,1 141,132,171,173,1 363,187,397,232,1 395,201,422,233,1 363,291,391,323,1 294,277,326,318,0 425,325,440,344,1 434,332,451,355,1 441,330,465,364,1 464,320,481,344,1 473,346,497,383,1 609,292,640,336,0 536,238,563,275,1 512,244,536,274,1 515,223,550,278,1 510,268,539,312,1 484,274,514,311,1 466,251,508,305,1
C:\Users\Shi\Documents\AnacondaProjects\depth-yolov4-tiny-tf2-strawberry/VOCdevkit/VOC2007/JPEGImages/rgb-00372-16160407086632.jpeg 67,66,115,142,1 33,118,73,178,1 115,176,177,264,0 90,270,134,317,1 229,284,267,328,0 218,328,255,382,0 315,274,336,298,1 371,218,402,264,0 540,1,574,40,1 485,22,510,56,1 122,57,168,112,1 138,98,181,144,1 214,95,245,138,1 475,49,507,87,1 451,112,484,152,1 448,140,467,163,1 477,129,507,168,1 488,90,512,117,1 584,111,613,151,0 568,199,599,232,0
C:\Users\Shi\Documents\AnacondaProjects\depth-yolov4-tiny-tf2-strawberry/VOCdevkit/VOC2007/JPEGImages/rgb-00375-16160407581115.jpeg 162,204,190,238,1 228,213,253,248,1 190,162,216,194,1 216,143,252,200,0 365,178,395,222,1 417,206,450,249,1 608,147,633,174,1 624,179,640,206,1 583,214,614,251,1 542,216,564,239,1 582,154,613,191,1 319,251,346,282,0 311,224,343,265,0 293,246,319,275,0 533,1,568,40,1
C:\Users\Shi\Documents\AnacondaProjects\depth-yolov4-tiny-tf2-strawberry/VOCdevkit/VOC2007/JPEGImages/rgb-00376-16160407657689.jpeg 354,17,390,70,1 330,28,360,67,1 296,50,325,79,1 569,132,619,199,1 423,236,454,278,1 437,256,455,282,1 454,228,487,274,0 334,188,358,216,1 306,166,350,221,0 293,241,321,271,1 256,198,293,248,1 243,173,265,199,1 211,165,242,201,1 187,165,214,195,1 183,88,224,160,0 78,170,101,197,1 154,187,178,228,0 11,135,35,160,1 14,199,43,234,1 20,142,49,176,1 536,74,564,112,1
C:\Users\Shi\Documents\AnacondaProjects\depth-yolov4-tiny-tf2-strawberry/VOCdevkit/VOC2007/JPEGImages/rgb-00382-16160408049640.jpeg 592,162,622,192,1 605,181,640,229,0 374,144,404,195,0 312,89,351,157,0 74,106,108,144,1 15,101,49,144,1 378,132,399,160,1 424,129,446,150,1 393,107,414,129,1 1,121,14,162,1
C:\Users\Shi\Documents\AnacondaProjects\depth-yolov4-tiny-tf2-strawberry/VOCdevkit/VOC2007/JPEGImages/rgb-00384-16160408355476.jpeg 41,32,70,92,0 232,82,263,126,1 243,192,262,220,1 254,220,268,245,1 262,209,294,258,0 544,105,573,151,1 568,69,608,144,0 587,136,626,201,0 576,154,614,195,1 598,179,617,203,1 572,189,593,211,0
C:\Users\Shi\Documents\AnacondaProjects\depth-yolov4-tiny-tf2-strawberry/VOCdevkit/VOC2007/JPEGImages/rgb-00385-16160408449872.jpeg 538,170,583,222,0 539,213,569,248,1 536,255,564,289,0 550,274,581,313,0 521,287,553,327,0 454,212,473,238,1 395,239,417,269,1 383,221,417,273,0 231,166,272,241,0 287,216,324,280,0 290,271,310,297,1 261,245,294,294,1 214,204,240,253,1
C:\Users\Shi\Documents\AnacondaProjects\depth-yolov4-tiny-tf2-strawberry/VOCdevkit/VOC2007/JPEGImages/rgb-00386-16160408461435.jpeg 535,189,571,231,1 540,147,586,203,0 548,264,582,309,0 533,244,563,279,0 516,272,550,316,0 440,167,465,197,1 377,201,401,231,1 393,202,410,227,1 367,184,401,242,0 263,173,305,236,0 260,225,280,254,1 230,195,268,249,1 179,145,211,200,1 201,103,249,189,0
C:\Users\Shi\Documents\AnacondaProjects\depth-yolov4-tiny-tf2-strawberry/VOCdevkit/VOC2007/JPEGImages/rgb-00389-16160408897293.jpeg 197,38,234,98,1 207,187,241,234,0 238,203,267,240,1 260,204,283,236,0 402,218,430,251,0 431,198,453,220,1 395,202,417,225,1 319,108,343,144,1 293,36,326,76,1 324,74,357,116,0 458,57,489,104,1 534,57,577,113,0 555,91,583,131,1 541,135,565,169,0 505,97,529,127,1 422,95,443,127,1 353,121,378,154,1 124,187,144,208,1
C:\Users\Shi\Documents\AnacondaProjects\depth-yolov4-tiny-tf2-strawberry/VOCdevkit/VOC2007/JPEGImages/rgb-00391-16160409206245.jpeg 535,192,560,224,1 608,293,626,320,0 624,289,640,316,0 622,326,640,350,1 339,212,365,249,1 356,255,391,303,0 332,261,360,303,0 308,301,340,357,0 272,302,303,356,0 263,353,286,385,1 249,369,271,400,1 273,361,298,400,0 224,298,252,338,1 195,250,225,283,1 177,223,206,261,1 231,153,262,191,1 22,49,54,87,1
C:\Users\Shi\Documents\AnacondaProjects\depth-yolov4-tiny-tf2-strawberry/VOCdevkit/VOC2007/JPEGImages/rgb-00394-16160409918993.jpeg 579,141,604,175,1 558,197,577,221,1 535,240,554,259,1 517,224,541,260,0 533,178,561,216,0 478,157,508,198,1 498,188,524,223,1 462,164,496,221,0 435,242,464,279,0 313,183,360,235,1 139,137,167,179,1 30,193,58,227,1 87,183,109,207,1 18,171,61,236,1 3,281,43,335,0
C:\Users\Shi\Documents\AnacondaProjects\depth-yolov4-tiny-tf2-strawberry/VOCdevkit/VOC2007/JPEGImages/rgb-00395-16160410039942.jpeg 301,60,325,97,1 383,123,412,163,0 324,118,349,154,0 311,154,341,197,0 331,111,363,173,0 353,128,374,166,0 361,117,383,147,1 384,44,407,79,1 537,41,569,87,0 560,79,588,109,0 573,59,592,85,0 584,16,616,59,0 622,17,640,64,0 516,50,536,74,1
C:\Users\Shi\Documents\AnacondaProjects\depth-yolov4-tiny-tf2-strawberry/VOCdevkit/VOC2007/JPEGImages/rgb-00400-16160410485988.jpeg 572,100,600,136,1 291,160,310,184,1 272,165,296,197,1 306,146,335,193,0 261,169,289,204,0 2,207,44,264,0 89,1,125,32,1 571,78,619,141,0
C:\Users\Shi\Documents\AnacondaProjects\depth-yolov4-tiny-tf2-strawberry/VOCdevkit/VOC2007/JPEGImages/rgb-00401-16160410585530.jpeg 276,136,312,183,1 288,169,306,190,1 271,180,291,205,1 245,188,263,209,1 234,140,272,193,0 206,155,233,190,1 30,160,58,194,0
C:\Users\Shi\Documents\AnacondaProjects\depth-yolov4-tiny-tf2-strawberry/VOCdevkit/VOC2007/JPEGImages/rgb-00406-16160411116128.jpeg 92,37,131,92,0 48,47,77,75,1 481,1,508,35,1 522,1,555,33,1 607,176,624,195,1 599,164,634,216,0 624,189,640,223,0 417,182,443,225,0 372,211,401,251,0 364,241,396,287,1 348,249,374,290,0 341,222,362,249,1 301,237,320,264,1 29,114,54,149,0 15,113,39,147,0 4,125,26,156,1 1,140,23,180,0
C:\Users\Shi\Documents\AnacondaProjects\depth-yolov4-tiny-tf2-strawberry/VOCdevkit/VOC2007/JPEGImages/rgb-00408-16160411267244.jpeg 42,14,81,63,1 21,108,47,153,1 550,132,580,181,0 580,127,611,177,0 605,144,636,185,0 304,215,325,242,1 255,241,273,263,1 272,232,293,261,1 286,180,309,223,0 274,206,296,241,0 253,194,279,239,0 237,213,253,231,1
C:\Users\Shi\Documents\AnacondaProjects\depth-yolov4-tiny-tf2-strawberry/VOCdevkit/VOC2007/JPEGImages/rgb-00410-16160411369130.jpeg 411,66,435,97,1 400,59,414,79,1 346,83,364,107,1 331,63,358,96,1 338,107,367,145,1 336,134,358,160,1 321,176,338,199,1 303,152,327,184,0 291,66,314,101,1 296,60,321,108,0 269,118,286,142,1 256,135,276,169,0 235,121,263,159,0 226,135,239,163,1 201,120,230,157,0 79,151,98,174,0 65,155,84,182,0 74,178,90,195,1 57,186,73,207,0 51,193,61,209,1 44,173,54,184,1
